-12.683020 -9.935414 -0.840807
-13.360623 -9.942477 -0.838199
-14.048968 -10.346669 -0.843034
-14.598307 -10.512266 -0.873617
-15.226530 -10.700078 -0.887561
-15.762093 -10.863240 -0.892334
-16.226715 -11.029991 -0.845113
-16.836025 -11.233229 -0.851959
-17.434582 -11.456210 -0.845097
-18.040859 -11.664591 -0.820323
-18.648556 -11.845621 -0.856696
-19.224468 -12.046434 -0.853861
-19.817173 -12.250368 -0.851075
-20.433464 -12.443102 -0.845538
-21.061153 -12.675827 -0.872409
-21.673237 -12.891431 -0.893771
-22.225018 -13.070958 -0.872660
-22.812000 -13.271254 -0.849097
-23.410677 -13.481044 -0.840312
-24.061670 -13.718489 -0.861781
-24.654736 -13.913463 -0.845318
-25.278109 -14.116308 -0.860841
-26.959595 -14.384970 -0.862808
-33.106754 -16.135077 -0.784156
-34.668747 -17.435209 -0.858553
-35.855991 -18.018454 -0.886882
-36.328991 -18.193436 -0.886421
-37.134777 -18.474802 -0.894214
-37.908180 -18.741266 -0.885084
-38.681175 -18.997757 -0.876239
-39.470169 -19.260601 -0.877749
-40.344837 -19.398252 -0.900728
-41.011848 -19.545452 -0.910908
-41.792015 -19.736523 -0.886427
-42.536396 -19.998682 -0.889077
-43.186226 -20.247959 -0.876949
-43.929825 -20.504650 -0.878417
-44.700886 -20.819845 -0.885232
-45.510445 -21.112154 -0.894351
-46.252007 -21.370251 -0.902473
-46.975090 -21.605274 -0.893626
-47.708622 -21.823528 -0.879850
-48.505707 -22.038523 -0.907757
-49.229774 -22.286171 -0.907964
-49.929832 -22.534367 -0.888811
-50.690617 -22.819401 -0.893561
-51.446991 -23.122520 -0.889349
-52.216347 -23.412455 -0.880793
-53.022961 -23.700890 -0.886194
-53.778481 -23.949780 -0.889928
-54.538429 -24.211637 -0.897138
-55.287445 -24.469858 -0.892585
-56.048637 -24.732670 -0.899757
-56.851746 -25.027683 -0.919463
-57.677742 -25.316814 -0.924780
-58.503441 -25.614370 -0.913073
-59.534187 -25.958359 -0.910776
-60.174450 -26.117823 -0.914083
-60.895519 -26.351131 -0.942956
-61.650948 -26.611893 -0.960901
-65.998337 -27.613657 -0.931934
-66.709465 -27.944082 -0.932696
-67.127136 -28.298084 -0.933910
-67.806274 -28.501028 -0.929902
-68.406052 -28.820333 -0.954676
-69.564644 -29.258759 -0.962496
-70.471878 -29.558289 -0.974278
-71.346451 -29.870686 -0.988748
-72.113472 -30.140081 -0.966666
-72.701317 -30.315420 -0.926574
-73.381302 -30.499924 -0.954471
-74.156693 -30.774689 -0.976272
-74.945663 -31.044031 -0.979619
-75.786919 -31.338013 -0.920628
-76.723038 -31.663853 -0.918470
-77.675491 -31.993931 -0.907854
-78.585236 -32.295624 -0.918077
-79.585487 -32.640892 -0.928417
-80.599083 -32.958111 -0.931671
-81.525833 -33.216995 -0.942538
-82.574585 -33.646797 -0.937303
-83.649269 -34.006836 -0.931441
-84.636612 -34.341331 -0.956220
-85.620392 -34.677444 -0.925135
-86.585434 -35.007679 -0.936588
-87.575722 -35.337151 -0.955355
-88.580093 -35.647240 -0.949488
-89.870552 -36.079159 -0.958321
-91.092072 -36.477386 -0.969287
-92.140892 -36.850201 -0.982300
-93.090050 -37.153526 -0.976641
-94.270569 -37.558121 -0.963376
-97.773071 -38.747715 -0.957940
-99.794243 -34.691246 -0.991157
-101.067436 -31.788128 -1.010218
-101.260460 -30.797836 -0.962891
-101.560280 -29.933081 -0.942732
-101.797470 -28.967484 -0.948839
-102.141922 -27.981140 -0.948115
-102.425621 -27.152704 -0.960250
-102.719177 -26.368546 -0.949381
-103.032944 -25.389750 -0.956525
-103.373940 -24.398813 -0.951797
-103.669540 -23.448671 -0.940733
-103.931679 -22.572451 -0.947833
-104.243858 -21.623606 -0.951871
-104.543617 -20.682699 -0.953832
-104.851486 -19.693611 -0.954599
-105.196060 -18.746832 -0.955522
-105.476486 -17.767979 -0.968866
-105.833008 -16.771297 -0.974665
-106.264793 -15.870346 -1.035484
-106.625778 -14.938253 -1.043247
-106.936806 -13.990021 -1.047498
-107.257019 -13.040787 -1.053297
-107.586891 -12.099956 -1.051806
-107.904297 -11.137802 -1.048222
-108.182884 -10.267935 -1.058561
-108.433456 -9.525849 -1.058915
-108.682816 -8.799595 -1.054840
-108.948082 -7.964547 -1.058761
-109.268982 -7.028853 -1.069552
-109.602432 -6.074883 -1.075506
-109.934143 -5.136485 -1.067036
-110.219948 -4.205615 -1.057979
-110.466591 -3.315158 -1.078800
-110.775719 -2.426648 -1.070070
-111.080933 -1.506674 -1.059801
-111.387939 -0.578950 -1.061324
-111.708023 0.366623 -1.061793
-112.028908 1.313531 -1.069490
-112.355431 2.261660 -1.080725
-112.639603 3.209447 -1.076638
-112.922264 4.096980 -1.075966
-113.193787 4.908903 -1.091715
-113.496864 5.735027 -1.079749
-113.792686 6.693717 -1.079410
-114.105286 7.605896 -1.093459
-114.415878 8.575506 -1.091635
-114.752335 9.520098 -1.096407
-115.204163 10.864619 -1.098680
-115.659866 12.023601 -1.095711
-116.063049 13.194316 -1.080666
-112.111832 20.786068 -1.119910
-110.859253 21.708744 -1.115249
-109.952347 22.138954 -1.087373
-108.844162 22.179066 -1.186582
-108.259071 22.339497 -1.054648
-107.407181 22.589081 -1.187060
-106.771584 22.826273 -1.044628
-106.014526 22.993385 -1.090889
-104.963219 23.279499 -1.088188
-104.091225 23.651781 -1.072769
-103.101318 23.909525 -1.069693
-102.206589 24.196142 -1.077049
-101.268951 24.515301 -1.076645
-100.326584 24.846287 -1.077446
-99.387131 25.183084 -1.077012
-98.438942 25.511606 -1.077394
-97.506699 25.855606 -1.096149
-96.598557 26.143320 -1.095074
-95.680649 26.413013 -1.082112
-94.810532 26.868763 -1.081892
-93.932159 27.194592 -1.086223
-92.988358 27.489908 -1.080696
-92.012299 27.797262 -1.081377
-90.662575 28.326092 -1.079023
-89.298416 28.841818 -1.080671
-88.309006 29.207638 -1.094876
-87.239082 29.472214 -1.092939
-86.330353 29.708241 -1.104185
-85.442276 30.014084 -1.099477
-84.371552 30.347244 -1.096257
-83.351524 30.713810 -1.116294
-82.448257 31.019812 -1.128032
-81.507935 31.321497 -1.140613
-80.473740 31.618113 -1.137864
-79.476952 31.934708 -1.142395
-78.551170 32.227169 -1.166486
-77.687096 32.460632 -1.166906
-76.744492 32.748688 -1.176785
-75.787949 33.048641 -1.186653
-74.846886 33.379124 -1.197718
-73.890991 33.694740 -1.198069
-72.842056 34.015411 -1.205805
-71.892136 34.325676 -1.214078
-70.998184 34.641560 -1.217445
-69.943954 34.999935 -1.226978
-68.890701 35.357735 -1.283485
-68.019981 35.586067 -1.339644
-67.073662 35.919735 -1.310475
-66.147804 36.203789 -1.329166
-65.182297 36.577038 -1.404398
-64.365746 36.748631 -1.478960
-63.617981 37.006721 -1.481546
-61.695568 37.698406 -1.510311
-58.377453 38.942955 -1.559700
-56.218060 40.123573 -1.631797
-55.463341 40.070545 -1.649162
-54.723991 40.119957 -1.651383
-53.876850 40.328560 -1.588432
-52.920433 40.624996 -1.587033
-51.943626 40.993088 -1.542657
-50.912365 41.442745 -1.474570
-50.144009 41.913414 -1.196268
-49.240162 42.244686 -1.160670
-48.290268 42.582684 -1.129405
-47.306274 42.930294 -1.109144
-46.308220 43.292324 -1.104692
-45.370384 43.600674 -1.100316
-44.456188 43.899891 -1.126318
-43.498035 44.175282 -1.119393
-42.516911 44.472500 -1.078540
-41.628502 44.801094 -1.061892
-40.657219 45.160706 -1.051274
-39.578560 45.519726 -1.056206
-38.650311 45.864601 -1.049707
-37.697903 46.207573 -1.066696
-36.690323 46.561512 -1.047732
-35.808739 46.875710 -1.039424
-33.351120 47.665535 -0.936405
-32.032372 48.092728 -0.928584
-31.460363 48.207756 -0.940202
-30.570898 48.494308 -0.946806
-29.612476 48.814110 -0.967043
-28.596939 49.164291 -0.974891
-27.684107 49.451748 -0.980574
-26.756033 49.772408 -0.964913
-25.421549 50.233833 -0.939149
-20.223255 52.490532 -0.959027
-19.507593 52.525826 -1.036030
-18.806646 52.584850 -1.050856
-17.980965 52.753033 -1.059048
-17.107725 53.006165 -1.072267
-16.189194 53.324451 -1.075401
-15.264145 53.578209 -1.092881
-14.415060 53.888733 -1.096980
-13.475502 54.234978 -1.103604
-12.503484 54.544025 -1.112892
-11.527220 54.841301 -1.145169
-10.622735 55.189308 -1.141687
-9.748461 55.458851 -1.150053
-8.909543 55.754547 -1.147512
-7.950652 56.109119 -1.161525
-7.015174 56.418861 -1.160620
-6.097709 56.708477 -1.165710
-5.160273 57.011913 -1.165687
-4.198327 57.281380 -1.157342
-3.359685 57.539295 -1.154591
-2.534876 57.824760 -1.156974
-1.665314 58.094074 -1.160123
-0.761411 58.434856 -1.164872
0.175836 58.777924 -1.163951
1.020781 59.103401 -1.179301
1.916345 59.360725 -1.167725
2.826901 59.681053 -1.181297
3.758095 59.973854 -1.167570
4.680459 60.309551 -1.164078
5.880003 60.888824 -1.180229
10.280986 58.308727 -1.122037
16.313404 52.897186 -1.050950
17.246151 49.729378 -0.886857
17.815067 47.445984 -0.844605
18.740128 43.339199 -0.775314
19.609095 41.436291 -0.801286
20.448202 39.904087 -0.791301
20.876659 38.716820 -0.790493
21.467052 36.991463 -0.792862
22.093426 35.349861 -0.818182
22.473843 34.409321 -0.821207
22.849659 33.386024 -0.802177
23.221500 32.389198 -0.814558
23.487759 31.481770 -0.811762
24.154802 29.320236 -0.803821
24.553431 27.863972 -0.791496
25.274006 25.646515 -0.773525
25.797955 23.780560 -0.762901
26.719604 21.328371 -0.747460
26.486164 20.004770 -0.727784
28.266998 17.005035 -0.760561
28.933960 14.640341 -0.758123
29.708099 12.493750 -0.764956
24.378588 3.998677 -0.869413
23.048004 2.039150 -0.880030
22.530376 1.768639 -0.891806
21.684635 1.452848 -0.906064
20.875223 1.173270 -0.906789
20.019169 0.889879 -0.897416
18.819256 0.645423 -0.877484
17.669289 0.324832 -0.883296
16.582203 -0.055913 -0.907484
15.428302 -0.466646 -0.904339
14.280870 -0.854827 -0.904669
13.224780 -1.153485 -0.911661
11.949057 -1.637487 -0.895490
10.928772 -1.975598 -0.895877
9.885493 -2.365862 -0.906323
8.848021 -2.726547 -0.884455
7.775771 -3.104905 -0.873667
6.622304 -3.509300 -0.864988
5.176698 -4.005445 -0.852560
0.365332 -5.189450 -0.796500
-0.724426 -5.526614 -0.831008
-0.962481 -5.709969 -0.842045
-0.999503 -5.751231 -0.829131
-0.996885 -5.752290 -0.834018
-1.000027 -5.745511 -0.836172
-1.005789 -5.756941 -0.829855
