21.585989 13.492044 -1.000000
22.447067 28.215109 -1.000000
28.072666 29.516769 -1.000000
33.804859 30.350245 -1.000000
36.678127 30.525900 -1.000000
39.616623 30.937738 -1.000000
47.663990 31.876816 -1.000000
65.631668 34.868248 -1.000000
73.101242 36.787544 -1.000000
72.347153 35.956379 -1.000000
77.996864 36.600574 -1.000000
81.848709 37.279530 -1.000000
87.766899 39.709087 -1.000000
94.422447 36.201092 -1.000000
94.403015 23.258963 -1.000000
92.798882 18.901781 -1.000000
92.706406 13.479139 -1.000000
91.760590 14.468527 -1.000000
80.409378 7.907290 -1.000000
28.188213 -2.133544 -1.000000
-5.007891 15.759295 -1.000000
-21.539473 25.547527 -1.000000
-28.168339 24.380060 -1.000000
-33.222790 23.362513 -1.000000
-37.797272 22.638834 -1.000000
-42.071087 22.034595 -1.000000
-51.127285 20.891926 -1.000000
-57.038586 21.069120 -1.000000
-71.689690 17.469013 -1.000000
-75.073860 16.691170 -1.000000
-78.829529 16.130558 -1.000000
-83.627129 15.502156 -1.000000
-87.793472 14.709622 -1.000000
-92.812759 14.001032 -1.000000
-100.903122 10.533085 -1.000000
-94.119278 -5.293285 -1.000000
